,Actual_User_Experience,Predicted_User_Experience,Correct,Probability_Negative,Probability_Neutral,Probability_Positive
9671,Negative,Neutral,False,0.3240146853900233,0.35932010247174573,0.316665212138231
5672,Negative,Neutral,False,0.33610894756681237,0.33905039732806225,0.32484065510512533
5389,Positive,Positive,True,0.31672291888195697,0.3389015486447293,0.34437553247331376
3103,Positive,Positive,True,0.32491842714718877,0.3190826445258307,0.3559989283269805
7910,Positive,Positive,True,0.3442249951923925,0.3101828324296707,0.3455921723779367
4158,Positive,Negative,False,0.3445455932698298,0.33065806870077585,0.3247963380293943
6029,Neutral,Positive,False,0.32517939494301434,0.32903843140728445,0.34578217364970126
9162,Negative,Positive,False,0.32524670076819856,0.3368511856279214,0.33790211360388
4156,Neutral,Neutral,True,0.32524420741158966,0.3390697734781062,0.33568601911030405
2350,Negative,Neutral,False,0.3252457039894746,0.33852172787895674,0.3362325681315686
8941,Positive,Positive,True,0.3162075263057713,0.330093909235492,0.35369856445873676
7681,Neutral,Negative,False,0.3352800780831013,0.33463421299381907,0.3300857089230796
9895,Negative,Neutral,False,0.3170691500556729,0.3467661531457314,0.33616469679859573
9310,Negative,Negative,True,0.3445455932698298,0.33065806870077585,0.3247963380293943
1249,Neutral,Negative,False,0.3443849113868531,0.3405120133908551,0.3151030752222918
2118,Positive,Positive,True,0.32617678979132086,0.32792536863584926,0.3458978415728298
433,Positive,Neutral,False,0.3252445603213569,0.33895771317981127,0.3357977264988318
9221,Positive,Positive,True,0.3251497571477909,0.3273838426163948,0.3474664002358144
5084,Negative,Negative,True,0.34451271283243257,0.3214299235448196,0.33405736362274785
5754,Negative,Positive,False,0.3442249951923925,0.3101828324296707,0.3455921723779367
7375,Neutral,Positive,False,0.31662347057800105,0.3309761694995005,0.3524003599224985
6290,Positive,Positive,True,0.315822485237678,0.31852731711850635,0.36565019764381557
5473,Negative,Neutral,False,0.3170634122797053,0.347322858778486,0.3356137289418087
5240,Neutral,Neutral,True,0.3252362658444432,0.3407135475717141,0.3340501865838427
1256,Positive,Positive,True,0.32491842714718877,0.3190826445258307,0.3559989283269805
4113,Positive,Positive,True,0.32517757723731217,0.3289274908249857,0.3458949319377021
3965,Neutral,Neutral,True,0.32524420741158966,0.3390697734781062,0.33568601911030405
7114,Negative,Neutral,False,0.3252457039894746,0.33852172787895674,0.3362325681315686
8092,Positive,Positive,True,0.3351960832323318,0.3189748432494081,0.3458290735182601
1643,Neutral,Positive,False,0.32517757723731217,0.3289274908249857,0.3458949319377021
8059,Neutral,Neutral,True,0.32507612750978965,0.3507730786578945,0.3241507938323158
6316,Neutral,Positive,False,0.31535574913491327,0.3293616223745486,0.35528262849053815
6006,Negative,Positive,False,0.32485754544353523,0.31747597697354185,0.35766647758292286
2703,Negative,Neutral,False,0.3252367841570442,0.34063160201981385,0.33413161382314205
7723,Negative,Neutral,False,0.30793501649734584,0.3495755543697778,0.34248942913287644
577,Positive,Positive,True,0.3167286181763256,0.34047649969724086,0.34279488212643355
5396,Negative,Neutral,False,0.32524420741158966,0.3390697734781062,0.33568601911030405
8993,Negative,Positive,False,0.32499254082933754,0.3212599289331419,0.3537475302375205
3521,Positive,Neutral,False,0.32507612750978965,0.3507730786578945,0.3241507938323158
9842,Neutral,Neutral,True,0.32524420741158966,0.3390697734781062,0.33568601911030405
8020,Positive,Neutral,False,0.31603179717644725,0.3601256874690974,0.32384251535445535
7363,Neutral,Positive,False,0.3442249951923925,0.3101828324296707,0.3455921723779367
9902,Negative,Positive,False,0.3170564657605469,0.335009910689519,0.34793362354993407
8730,Negative,Positive,False,0.32449928950811785,0.3099097535212575,0.3655909569706247
6983,Negative,Positive,False,0.3170787213207843,0.337242627422072,0.34567865125714375
9353,Positive,Positive,True,0.32513887588070517,0.32684224297856307,0.3480188811407319
4895,Positive,Neutral,False,0.316654239443571,0.35070425928191945,0.33264150127450953
2786,Positive,Positive,True,0.3442249951923925,0.3101828324296707,0.3455921723779367
6218,Positive,Positive,True,0.3252032692346122,0.3306659233061751,0.3441308074592127
1709,Positive,Positive,True,0.32524670076819856,0.3368511856279214,0.33790211360388
5861,Positive,Neutral,False,0.3251282763714236,0.34853114531718843,0.3263405783113879
8923,Negative,Neutral,False,0.32507612750978965,0.3507730786578945,0.3241507938323158
9480,Neutral,Positive,False,0.32499254082933754,0.3212599289331419,0.3537475302375205
3424,Neutral,Positive,False,0.3251497571477909,0.3273838426163948,0.3474664002358144
7122,Neutral,Positive,False,0.3353655743652223,0.3288000502932289,0.33583437534154875
6209,Neutral,Negative,False,0.3445528239815897,0.3290322287942731,0.3264149472241373
8692,Positive,Positive,True,0.32517939494301434,0.32903843140728445,0.34578217364970126
7560,Neutral,Neutral,True,0.3252445603213569,0.33895771317981127,0.3357977264988318
5495,Negative,Positive,False,0.32517757723731217,0.3289274908249857,0.3458949319377021
9247,Neutral,Positive,False,0.3252032692346122,0.3306659233061751,0.3441308074592127
9828,Negative,Positive,False,0.3162075263057713,0.330093909235492,0.35369856445873676
4810,Neutral,Neutral,True,0.32507612750978965,0.3507730786578945,0.3241507938323158
2710,Negative,Positive,False,0.32518070686826334,0.3291194403106248,0.3456998528211118
5378,Neutral,Neutral,True,0.33610090633948003,0.3395927366719889,0.3243063569885311
9113,Positive,Positive,True,0.3170915124869999,0.33944970835031374,0.3434587791626864
6347,Positive,Positive,True,0.32517939494301434,0.32903843140728445,0.34578217364970126
5080,Negative,Neutral,False,0.31627792160229184,0.34981328399447603,0.33390879440323207
4589,Neutral,Positive,False,0.32499254082933754,0.3212599289331419,0.3537475302375205
845,Positive,Neutral,False,0.31020804840162236,0.36623647672755427,0.3235554748708234
3032,Neutral,Neutral,True,0.31627792160229184,0.34981328399447603,0.33390879440323207
2421,Positive,Positive,True,0.32517757723731217,0.3289274908249857,0.3458949319377021
7095,Neutral,Negative,False,0.34874724735328433,0.3046019964397072,0.3466507562070085
4344,Neutral,Neutral,True,0.3252367841570442,0.34063160201981385,0.33413161382314205
3799,Neutral,Neutral,True,0.32507612750978965,0.3507730786578945,0.3241507938323158
3454,Neutral,Positive,False,0.3070748267907927,0.33840221823357386,0.35452295497563346
5623,Positive,Positive,True,0.3165317999164167,0.32711895624952514,0.3563492438340581
2441,Negative,Positive,False,0.3352823677099073,0.31009918601316605,0.35461844627692657
1640,Neutral,Positive,False,0.3252100840904162,0.33120971541500444,0.3435802004945793
9684,Negative,Neutral,False,0.32524420741158966,0.3390697734781062,0.33568601911030405
9937,Positive,Neutral,False,0.3252445603213569,0.33895771317981127,0.3357977264988318
6663,Negative,Positive,False,0.3352561439954991,0.32699636308196456,0.3377474929225365
573,Positive,Neutral,False,0.3081699334194545,0.35826917565732924,0.33356089092321634
9141,Neutral,Positive,False,0.33522809650883684,0.3248561788125062,0.3399157246786569
2386,Positive,Positive,True,0.3251789067686413,0.32900849023571976,0.345812602995639
1832,Negative,Positive,False,0.3252100840904162,0.33120971541500444,0.3435802004945793
7947,Neutral,Neutral,True,0.3252367841570442,0.34063160201981385,0.33413161382314205
7829,Negative,Neutral,False,0.33265263776822784,0.3405990122608418,0.3267483499709302
9234,Positive,Negative,False,0.3445420198395646,0.3311914725131897,0.32426650764724557
457,Negative,Negative,True,0.3443849113868531,0.3405120133908551,0.3151030752222918
5415,Neutral,Negative,False,0.33614466160349177,0.3280267265228912,0.335828611873617
3462,Neutral,Positive,False,0.3244932854505125,0.30980126204260666,0.3657054525068809
1199,Positive,Positive,True,0.3356151436913043,0.3192881738490844,0.3450966824596113
1456,Neutral,Negative,False,0.35481976794265657,0.31547588944744825,0.32970434260989523
4385,Positive,Negative,False,0.35481976794265657,0.31547588944744825,0.32970434260989523
8465,Positive,Positive,True,0.32517939494301434,0.32903843140728445,0.34578217364970126
9543,Negative,Neutral,False,0.32507612750978965,0.3507730786578945,0.3241507938323158
684,Positive,Positive,True,0.3069045988530504,0.33051864713813717,0.3625767540088125
805,Neutral,Positive,False,0.31632210527521826,0.3379023919554913,0.3457755027692904
6033,Negative,Negative,True,0.3445420198395646,0.3311914725131897,0.32426650764724557
389,Neutral,Positive,False,0.31581753791606304,0.31841671242006175,0.36576574966387515
2170,Positive,Negative,False,0.34451271283243257,0.3214299235448196,0.33405736362274785
2511,Positive,Negative,False,0.3353745214174667,0.3304404927327225,0.3341849858498107
8902,Negative,Negative,True,0.34448841324982094,0.3198201864424685,0.33569140030771055
8478,Negative,Neutral,False,0.3170634122797053,0.347322858778486,0.3356137289418087
8244,Negative,Neutral,False,0.32507612750978965,0.3507730786578945,0.3241507938323158
9951,Positive,Positive,True,0.31695727572864363,0.32933330284330414,0.3537094214280523
1621,Negative,Positive,False,0.3252100840904162,0.33120971541500444,0.3435802004945793
1494,Negative,Neutral,False,0.3252362658444432,0.3407135475717141,0.3340501865838427
9863,Positive,Positive,True,0.32668582292823517,0.3303756569443448,0.34293852012742004
6694,Neutral,Positive,False,0.32517757723731217,0.3289274908249857,0.3458949319377021
4657,Negative,Negative,True,0.3445455932698298,0.33065806870077585,0.3247963380293943
9105,Positive,Neutral,False,0.3252367841570442,0.34063160201981385,0.33413161382314205
9028,Positive,Negative,False,0.34451271283243257,0.3214299235448196,0.33405736362274785
6100,Negative,Negative,True,0.375975754083014,0.30441447331038196,0.31960977260660406
9279,Neutral,Neutral,True,0.3106167492077943,0.34612366445028814,0.3432595863419175
1252,Positive,Positive,True,0.3105480163536349,0.33587624106069647,0.3535757425856687
1319,Neutral,Positive,False,0.32517757723731217,0.3289274908249857,0.3458949319377021
5855,Neutral,Neutral,True,0.3252367841570442,0.34063160201981385,0.33413161382314205
3929,Negative,Neutral,False,0.3247449922487129,0.3604416857724742,0.31481332197881284
6972,Neutral,Positive,False,0.3249375979613494,0.3196195471198823,0.3554428549187682
540,Neutral,Negative,False,0.3445420198395646,0.3311914725131897,0.32426650764724557
5254,Positive,Positive,True,0.3249414462656232,0.3197293476687173,0.3553292060656595
9453,Neutral,Negative,False,0.34451271283243257,0.3214299235448196,0.33405736362274785
2401,Negative,Neutral,False,0.32507612750978965,0.3507730786578945,0.3241507938323158
2911,Negative,Positive,False,0.3349813083716732,0.31515235327887675,0.3498663383494501
4614,Neutral,Positive,False,0.32517757723731217,0.3289274908249857,0.3458949319377021
8438,Neutral,Negative,False,0.3548711188668175,0.3245490889002023,0.3205797922329801
7470,Positive,Neutral,False,0.3252459388352786,0.3384097258619816,0.3363443353027399
8833,Neutral,Neutral,True,0.32524420741158966,0.3390697734781062,0.33568601911030405
3606,Negative,Neutral,False,0.3251282763714236,0.34853114531718843,0.3263405783113879
4145,Neutral,Neutral,True,0.3252445603213569,0.33895771317981127,0.3357977264988318
9943,Negative,Neutral,False,0.3251282763714236,0.34853114531718843,0.3263405783113879
3317,Negative,Neutral,False,0.3252362658444432,0.3407135475717141,0.3340501865838427
2777,Neutral,Positive,False,0.3252100840904162,0.33120971541500444,0.3435802004945793
394,Neutral,Positive,False,0.3244071888388925,0.3082919355184709,0.36730087564263647
5477,Neutral,Positive,False,0.32517757723731217,0.3289274908249857,0.3458949319377021
8507,Positive,Positive,True,0.33451720155879855,0.329643529782978,0.3358392686582235
2544,Negative,Negative,True,0.3445455932698298,0.33065806870077585,0.3247963380293943
8325,Neutral,Negative,False,0.34448841324982094,0.3198201864424685,0.33569140030771055
4993,Negative,Neutral,False,0.3252367841570442,0.34063160201981385,0.33413161382314205
4624,Neutral,Positive,False,0.3252100840904162,0.33120971541500444,0.3435802004945793
4415,Positive,Positive,True,0.31574618639226193,0.3168778999062518,0.3673759137014863
5349,Negative,Positive,False,0.3442249951923925,0.3101828324296707,0.3455921723779367
4152,Positive,Neutral,False,0.31704238326101586,0.34902325252717353,0.3339343642118106
7648,Neutral,Neutral,True,0.3252362658444432,0.3407135475717141,0.3340501865838427
2631,Neutral,Positive,False,0.3169048514596529,0.3272303020773207,0.35586484646302635
8317,Negative,Neutral,False,0.32507612750978965,0.3507730786578945,0.3241507938323158
7238,Negative,Negative,True,0.35456744430932546,0.30598583691126474,0.3394467187794097
7649,Neutral,Neutral,True,0.3252459388352786,0.3384097258619816,0.3363443353027399
784,Negative,Neutral,False,0.31704238326101586,0.34902325252717353,0.3339343642118106
3645,Positive,Neutral,False,0.32507612750978965,0.3507730786578945,0.3241507938323158
3201,Positive,Positive,True,0.31623839817233396,0.31886145615486755,0.3649001456727986
7587,Neutral,Positive,False,0.3352561439954991,0.32699636308196456,0.3377474929225365
2358,Positive,Neutral,False,0.31640103936432223,0.36913243664102074,0.3144665239946571
6458,Neutral,Neutral,True,0.3350923031749199,0.34628425269809504,0.318623444126985
5397,Negative,Positive,False,0.3244932854505125,0.30980126204260666,0.3657054525068809
3224,Negative,Neutral,False,0.3247449922487129,0.3604416857724742,0.31481332197881284
1856,Neutral,Neutral,True,0.31680347493850647,0.35932122538561245,0.3238752996758811
4561,Neutral,Positive,False,0.3442249951923925,0.3101828324296707,0.3455921723779367
9459,Negative,Neutral,False,0.3252367841570442,0.34063160201981385,0.33413161382314205
8496,Positive,Neutral,False,0.3252459388352786,0.3384097258619816,0.3363443353027399
8603,Negative,Positive,False,0.3244932854505125,0.30980126204260666,0.3657054525068809
9488,Negative,Neutral,False,0.3164069565640855,0.3604567224775126,0.3231363209584018
4703,Neutral,Neutral,True,0.3071183254717457,0.35042930274151757,0.34245237178673676
1507,Neutral,Positive,False,0.31695727572864363,0.32933330284330414,0.3537094214280523
9303,Negative,Neutral,False,0.32524420741158966,0.3390697734781062,0.33568601911030405
5373,Positive,Positive,True,0.32499254082933754,0.3212599289331419,0.3537475302375205
4143,Negative,Positive,False,0.32499254082933754,0.3212599289331419,0.3537475302375205
6546,Neutral,Positive,False,0.32499254082933754,0.3212599289331419,0.3537475302375205
2707,Neutral,Neutral,True,0.3252367841570442,0.34063160201981385,0.33413161382314205
9869,Positive,Neutral,False,0.3252445603213569,0.33895771317981127,0.3357977264988318
7797,Neutral,Positive,False,0.32517757723731217,0.3289274908249857,0.3458949319377021
4191,Negative,Positive,False,0.31581753791606304,0.31841671242006175,0.36576574966387515
8725,Neutral,Neutral,True,0.3252445603213569,0.33895771317981127,0.3357977264988318
1537,Positive,Neutral,False,0.3252362658444432,0.3407135475717141,0.3340501865838427
1471,Negative,Positive,False,0.31655802056796806,0.3176746412586788,0.36576733817335316
8107,Positive,Positive,True,0.32499254082933754,0.3212599289331419,0.3537475302375205
5222,Neutral,Positive,False,0.32513887588070517,0.32684224297856307,0.3480188811407319
8023,Negative,Positive,False,0.31581753791606304,0.31841671242006175,0.36576574966387515
6912,Negative,Neutral,False,0.32507612750978965,0.3507730786578945,0.3241507938323158
3690,Neutral,Positive,False,0.32449928950811785,0.3099097535212575,0.3655909569706247
7314,Positive,Neutral,False,0.32524420741158966,0.3390697734781062,0.33568601911030405
1182,Negative,Negative,True,0.3445455932698298,0.33065806870077585,0.3247963380293943
7952,Neutral,Neutral,True,0.32507612750978965,0.3507730786578945,0.3241507938323158
1326,Positive,Neutral,False,0.32507612750978965,0.3507730786578945,0.3241507938323158
6304,Negative,Neutral,False,0.3252367841570442,0.34063160201981385,0.33413161382314205
4628,Neutral,Neutral,True,0.33610894756681237,0.33905039732806225,0.32484065510512533
3105,Positive,Positive,True,0.32517757723731217,0.3289274908249857,0.3458949319377021
7630,Negative,Positive,False,0.3294806626027143,0.3341365753189815,0.3363827620783043
564,Negative,Neutral,False,0.3250898786212276,0.3502193194026074,0.324690801976165
4398,Negative,Neutral,False,0.32524420741158966,0.3390697734781062,0.33568601911030405
3497,Negative,Negative,True,0.34448841324982094,0.3198201864424685,0.33569140030771055
8390,Positive,Neutral,False,0.32507612750978965,0.3507730786578945,0.3241507938323158
7993,Neutral,Negative,False,0.33527956008045756,0.3347446899740093,0.3299757499455331
7980,Neutral,Positive,False,0.3162075263057713,0.330093909235492,0.35369856445873676
2654,Negative,Neutral,False,0.32507612750978965,0.3507730786578945,0.3241507938323158
1906,Neutral,Neutral,True,0.3252367841570442,0.34063160201981385,0.33413161382314205
6367,Positive,Positive,True,0.33220458706864436,0.31160184917786654,0.3561935637534891
9860,Negative,Positive,False,0.3251789067686413,0.32900849023571976,0.345812602995639
536,Negative,Neutral,False,0.32512587166370954,0.3486441702648904,0.3262299580714001
6832,Positive,Positive,True,0.31672233201848404,0.33878854858616736,0.34448911939534854
3975,Negative,Neutral,False,0.3236789993721357,0.34037653612306995,0.33594446450479437
2051,Negative,Neutral,False,0.32507612750978965,0.3507730786578945,0.3241507938323158
3142,Neutral,Negative,False,0.3445455932698298,0.33065806870077585,0.3247963380293943
794,Negative,Positive,False,0.3244932854505125,0.30980126204260666,0.3657054525068809
6756,Positive,Negative,False,0.34451271283243257,0.3214299235448196,0.33405736362274785
9918,Neutral,Positive,False,0.3442249951923925,0.3101828324296707,0.3455921723779367
7145,Negative,Positive,False,0.3252100840904162,0.33120971541500444,0.3435802004945793
6788,Positive,Negative,False,0.3445420198395646,0.3311914725131897,0.32426650764724557
7226,Positive,Positive,True,0.32517757723731217,0.3289274908249857,0.3458949319377021
162,Positive,Neutral,False,0.33612985687883473,0.3373972003842993,0.32647294273686595
8374,Negative,Positive,False,0.31657222942724755,0.3286752125383662,0.3547525580343862
2877,Positive,Negative,False,0.34448841324982094,0.3198201864424685,0.33569140030771055
8827,Negative,Positive,False,0.32485754544353523,0.31747597697354185,0.35766647758292286
3218,Positive,Negative,False,0.3445420198395646,0.3311914725131897,0.32426650764724557
3050,Negative,Negative,True,0.35501334155667363,0.31825021140052034,0.3267364470428061
1973,Neutral,Neutral,True,0.3252367841570442,0.34063160201981385,0.33413161382314205
6067,Neutral,Positive,False,0.3251789067686413,0.32900849023571976,0.345812602995639
4528,Negative,Positive,False,0.32449928950811785,0.3099097535212575,0.3655909569706247
7078,Positive,Negative,False,0.3445508518845806,0.31560991899641627,0.3398392291190031
217,Negative,Positive,False,0.3249375979613494,0.3196195471198823,0.3554428549187682
7923,Neutral,Neutral,True,0.33610090633948003,0.3395927366719889,0.3243063569885311
4672,Negative,Negative,True,0.3445455932698298,0.33065806870077585,0.3247963380293943
600,Negative,Neutral,False,0.316654239443571,0.35070425928191945,0.33264150127450953
8531,Negative,Neutral,False,0.32524420741158966,0.3390697734781062,0.33568601911030405
1399,Positive,Neutral,False,0.3252459388352786,0.3384097258619816,0.3363443353027399
2627,Neutral,Neutral,True,0.3344635463740456,0.34070308291787477,0.32483337070807966
6259,Positive,Neutral,False,0.32507612750978965,0.3507730786578945,0.3241507938323158
5445,Negative,Positive,False,0.3244932854505125,0.30980126204260666,0.3657054525068809
5866,Neutral,Neutral,True,0.32507612750978965,0.3507730786578945,0.3241507938323158
2351,Positive,Positive,True,0.32518070686826334,0.3291194403106248,0.3456998528211118
2478,Negative,Neutral,False,0.33610894756681237,0.33905039732806225,0.32484065510512533
378,Positive,Negative,False,0.3443849113868531,0.3405120133908551,0.3151030752222918
2077,Neutral,Neutral,True,0.33531280987529494,0.34038407891079114,0.32430311121391386
1734,Positive,Neutral,False,0.3247449922487129,0.3604416857724742,0.31481332197881284
9163,Positive,Positive,True,0.32449928950811785,0.3099097535212575,0.3655909569706247
5983,Positive,Neutral,False,0.32507612750978965,0.3507730786578945,0.3241507938323158
8769,Positive,Positive,True,0.3167286181763256,0.34047649969724086,0.34279488212643355
1974,Negative,Negative,True,0.3443849113868531,0.3405120133908551,0.3151030752222918
7552,Positive,Positive,True,0.3244071888388925,0.3082919355184709,0.36730087564263647
3950,Neutral,Negative,False,0.34451271283243257,0.3214299235448196,0.33405736362274785
2545,Positive,Positive,True,0.3252100840904162,0.33120971541500444,0.3435802004945793
7018,Negative,Positive,False,0.3239237436342512,0.3230702072312106,0.35300604913453815
7336,Negative,Neutral,False,0.3252445603213569,0.33895771317981127,0.3357977264988318
8261,Positive,Positive,True,0.32491842714718877,0.3190826445258307,0.3559989283269805
4983,Neutral,Neutral,True,0.3252367841570442,0.34063160201981385,0.33413161382314205
8617,Negative,Positive,False,0.3167286181763256,0.34047649969724086,0.34279488212643355
1483,Neutral,Neutral,True,0.3252362658444432,0.3407135475717141,0.3340501865838427
4653,Positive,Negative,False,0.3445455932698298,0.33065806870077585,0.3247963380293943
2452,Neutral,Positive,False,0.3352561439954991,0.32699636308196456,0.3377474929225365
9007,Neutral,Neutral,True,0.3252445603213569,0.33895771317981127,0.3357977264988318
7625,Negative,Neutral,False,0.3251282763714236,0.34853114531718843,0.3263405783113879
3980,Positive,Neutral,False,0.31668716110817485,0.34844309710122184,0.3348697417906033
9542,Neutral,Positive,False,0.31657222942724755,0.3286752125383662,0.3547525580343862
6954,Negative,Negative,True,0.3445420198395646,0.3311914725131897,0.32426650764724557
6726,Positive,Neutral,False,0.3252367841570442,0.34063160201981385,0.33413161382314205
163,Negative,Neutral,False,0.3252445603213569,0.33895771317981127,0.3357977264988318
8611,Negative,Neutral,False,0.33612985687883473,0.3373972003842993,0.32647294273686595
6366,Neutral,Negative,False,0.3445420198395646,0.3311914725131897,0.32426650764724557
5012,Positive,Positive,True,0.3249375979613494,0.3196195471198823,0.3554428549187682
4660,Positive,Neutral,False,0.32524420741158966,0.3390697734781062,0.33568601911030405
6425,Positive,Neutral,False,0.3250898786212276,0.3502193194026074,0.324690801976165
294,Negative,Positive,False,0.31625700925287115,0.3192920331603514,0.36445095758677754
8572,Positive,Neutral,False,0.3252445603213569,0.33895771317981127,0.3357977264988318
7924,Negative,Neutral,False,0.32507612750978965,0.3507730786578945,0.3241507938323158
1718,Negative,Neutral,False,0.3252367841570442,0.34063160201981385,0.33413161382314205
4155,Negative,Negative,True,0.3445420198395646,0.3311914725131897,0.32426650764724557
7540,Positive,Positive,True,0.3252100840904162,0.33120971541500444,0.3435802004945793
408,Negative,Negative,True,0.34448841324982094,0.3198201864424685,0.33569140030771055
3751,Neutral,Negative,False,0.34451271283243257,0.3214299235448196,0.33405736362274785
1803,Positive,Neutral,False,0.33610894756681237,0.33905039732806225,0.32484065510512533
3466,Positive,Positive,True,0.3162075263057713,0.330093909235492,0.35369856445873676
9144,Neutral,Negative,False,0.3445420198395646,0.3311914725131897,0.32426650764724557
5519,Neutral,Neutral,True,0.31680347493850647,0.35932122538561245,0.3238752996758811
9068,Negative,Negative,True,0.3444792468969206,0.31929328894876846,0.33622746415431093
1861,Positive,Positive,True,0.3252032692346122,0.3306659233061751,0.3441308074592127
6970,Positive,Neutral,False,0.3170680234027999,0.3468799387363262,0.3360520378608739
9301,Positive,Neutral,False,0.31680347493850647,0.35932122538561245,0.3238752996758811
6761,Negative,Neutral,False,0.31704238326101586,0.34902325252717353,0.3339343642118106
2072,Neutral,Negative,False,0.3444792468969206,0.31929328894876846,0.33622746415431093
4472,Positive,Positive,True,0.3252100840904162,0.33120971541500444,0.3435802004945793
9070,Negative,Positive,False,0.32492239299909415,0.31919237632746833,0.3558852306734376
9873,Positive,Neutral,False,0.31603179717644725,0.3601256874690974,0.32384251535445535
2874,Neutral,Neutral,True,0.32507612750978965,0.3507730786578945,0.3241507938323158
3885,Positive,Negative,False,0.3445420198395646,0.3311914725131897,0.32426650764724557
9613,Negative,Positive,False,0.32499254082933754,0.3212599289331419,0.3537475302375205
9789,Neutral,Neutral,True,0.3357096030647907,0.3406956938206078,0.3235947031146015
6027,Neutral,Neutral,True,0.3170634122797053,0.347322858778486,0.3356137289418087
2007,Neutral,Neutral,True,0.316654239443571,0.35070425928191945,0.33264150127450953
8857,Positive,Neutral,False,0.3252457039894746,0.33852172787895674,0.3362325681315686
3554,Negative,Neutral,False,0.3247449922487129,0.3604416857724742,0.31481332197881284
1917,Negative,Positive,False,0.3252100840904162,0.33120971541500444,0.3435802004945793
4214,Neutral,Negative,False,0.3445455932698298,0.33065806870077585,0.3247963380293943
3308,Positive,Positive,True,0.3165749553044499,0.32878706119569495,0.35463798349985504
5124,Neutral,Negative,False,0.34451271283243257,0.3214299235448196,0.33405736362274785
9757,Negative,Positive,False,0.3252100840904162,0.33120971541500444,0.3435802004945793
2558,Neutral,Positive,False,0.3170628281388673,0.3355605484496752,0.3473766234114575
9514,Positive,Neutral,False,0.3170634122797053,0.347322858778486,0.3356137289418087
4855,Negative,Positive,False,0.306704622824316,0.33984468184261535,0.3534506953330686
6858,Negative,Positive,False,0.32449928950811785,0.3099097535212575,0.3655909569706247
5793,Negative,Neutral,False,0.31704238326101586,0.34902325252717353,0.3339343642118106
677,Positive,Negative,False,0.3445420198395646,0.3311914725131897,0.32426650764724557
1235,Positive,Neutral,False,0.3252367841570442,0.34063160201981385,0.33413161382314205
5857,Negative,Neutral,False,0.316654239443571,0.35070425928191945,0.33264150127450953
9647,Neutral,Neutral,True,0.3252367841570442,0.34063160201981385,0.33413161382314205
3447,Positive,Neutral,False,0.3250898786212276,0.3502193194026074,0.324690801976165
769,Positive,Positive,True,0.32449928950811785,0.3099097535212575,0.3655909569706247
7072,Negative,Neutral,False,0.32507612750978965,0.3507730786578945,0.3241507938323158
7800,Neutral,Positive,False,0.32499254082933754,0.3212599289331419,0.3537475302375205
8570,Negative,Neutral,False,0.3252367841570442,0.34063160201981385,0.33413161382314205
634,Negative,Positive,False,0.31672233201848404,0.33878854858616736,0.34448911939534854
6283,Negative,Negative,True,0.3352800780831013,0.33463421299381907,0.3300857089230796
63,Neutral,Positive,False,0.32499254082933754,0.3212599289331419,0.3537475302375205
7969,Negative,Neutral,False,0.3154456076561925,0.3506748430507232,0.3338795492930843
2998,Neutral,Positive,False,0.31672291888195697,0.3389015486447293,0.34437553247331376
299,Positive,Positive,True,0.32499254082933754,0.3212599289331419,0.3537475302375205
6452,Neutral,Neutral,True,0.31519164348659257,0.36100292401634315,0.3238054324970643
6289,Positive,Positive,True,0.31563777761346573,0.30787556955229,0.37648665283424426
2992,Negative,Neutral,False,0.3252367841570442,0.34063160201981385,0.33413161382314205
5542,Neutral,Positive,False,0.32517939494301434,0.32903843140728445,0.34578217364970126
6163,Neutral,Positive,False,0.32492239299909415,0.31919237632746833,0.3558852306734376
7814,Neutral,Positive,False,0.32517757723731217,0.3289274908249857,0.3458949319377021
6782,Neutral,Neutral,True,0.323926359622749,0.3507727996077726,0.3253008407694785
4232,Negative,Positive,False,0.3252100840904162,0.33120971541500444,0.3435802004945793
6026,Positive,Positive,True,0.3249375979613494,0.3196195471198823,0.3554428549187682
5266,Negative,Neutral,False,0.3252367841570442,0.34063160201981385,0.33413161382314205
7472,Neutral,Positive,False,0.3442249951923925,0.3101828324296707,0.3455921723779367
8432,Positive,Neutral,False,0.3154691895061502,0.3489693440573358,0.33556146643651397
317,Negative,Positive,False,0.3249414462656232,0.3197293476687173,0.3553292060656595
9615,Neutral,Positive,False,0.32517757723731217,0.3289274908249857,0.3458949319377021
3154,Negative,Positive,False,0.3244932854505125,0.30980126204260666,0.3657054525068809
5566,Neutral,Neutral,True,0.3252367841570442,0.34063160201981385,0.33413161382314205
4498,Positive,Positive,True,0.3249375979613494,0.3196195471198823,0.3554428549187682
2887,Positive,Negative,False,0.3445455932698298,0.33065806870077585,0.3247963380293943
8144,Positive,Neutral,False,0.32507612750978965,0.3507730786578945,0.3241507938323158
8397,Neutral,Negative,False,0.3445420198395646,0.3311914725131897,0.32426650764724557
8213,Negative,Positive,False,0.32517939494301434,0.32903843140728445,0.34578217364970126
1093,Positive,Neutral,False,0.3163001740427571,0.3481104435864809,0.335589382370762
6792,Negative,Positive,False,0.3244932854505125,0.30980126204260666,0.3657054525068809
984,Negative,Negative,True,0.34448841324982094,0.3198201864424685,0.33569140030771055
848,Negative,Negative,True,0.35485691711086137,0.32667608248860985,0.3184670004005288
8688,Positive,Positive,True,0.3252032692346122,0.3306659233061751,0.3441308074592127
6610,Positive,Positive,True,0.3252100840904162,0.33120971541500444,0.3435802004945793
4197,Positive,Neutral,False,0.3252367841570442,0.34063160201981385,0.33413161382314205
3189,Neutral,Neutral,True,0.33610090633948003,0.3395927366719889,0.3243063569885311
2382,Negative,Positive,False,0.32499254082933754,0.3212599289331419,0.3537475302375205
3488,Negative,Neutral,False,0.3154456076561925,0.3506748430507232,0.3338795492930843
2779,Neutral,Neutral,True,0.3252445603213569,0.33895771317981127,0.3357977264988318
5043,Negative,Negative,True,0.3445420198395646,0.3311914725131897,0.32426650764724557
9071,Negative,Negative,True,0.3445420198395646,0.3311914725131897,0.32426650764724557
9222,Negative,Neutral,False,0.3252459388352786,0.3384097258619816,0.3363443353027399
5928,Neutral,Negative,False,0.34451271283243257,0.3214299235448196,0.33405736362274785
6203,Neutral,Neutral,True,0.3247449922487129,0.3604416857724742,0.31481332197881284
4896,Neutral,Negative,False,0.34451271283243257,0.3214299235448196,0.33405736362274785
1735,Positive,Positive,True,0.3251497571477909,0.3273838426163948,0.3474664002358144
901,Negative,Positive,False,0.32517757723731217,0.3289274908249857,0.3458949319377021
6844,Positive,Positive,True,0.32499254082933754,0.3212599289331419,0.3537475302375205
2423,Neutral,Negative,False,0.36634147604454464,0.30953657643842863,0.32412194751702667
2832,Neutral,Positive,False,0.3326913229733599,0.33062675037010647,0.3366819266565336
8960,Negative,Positive,False,0.32517757723731217,0.3289274908249857,0.3458949319377021
6754,Negative,Neutral,False,0.32507612750978965,0.3507730786578945,0.3241507938323158
2229,Positive,Neutral,False,0.3252459388352786,0.3384097258619816,0.3363443353027399
6063,Positive,Neutral,False,0.3252445603213569,0.33895771317981127,0.3357977264988318
9476,Positive,Neutral,False,0.3252445603213569,0.33895771317981127,0.3357977264988318
7102,Negative,Neutral,False,0.3154456076561925,0.3506748430507232,0.3338795492930843
3388,Neutral,Neutral,True,0.31519164348659257,0.36100292401634315,0.3238054324970643
2597,Positive,Neutral,False,0.3326722661793917,0.3389814717840996,0.32834626203650863
8319,Negative,Neutral,False,0.30255139276132414,0.3603657056060326,0.3370829016326432
7128,Positive,Negative,False,0.34448841324982094,0.3198201864424685,0.33569140030771055
624,Positive,Neutral,False,0.3252367841570442,0.34063160201981385,0.33413161382314205
5651,Positive,Positive,True,0.32485754544353523,0.31747597697354185,0.35766647758292286
3393,Positive,Positive,True,0.3249414462656232,0.3197293476687173,0.3553292060656595
4804,Negative,Positive,False,0.32485754544353523,0.31747597697354185,0.35766647758292286
5122,Neutral,Neutral,True,0.31603179717644725,0.3601256874690974,0.32384251535445535
5561,Neutral,Positive,False,0.3170915124869999,0.33944970835031374,0.3434587791626864
5955,Negative,Neutral,False,0.31629884875242736,0.34822444858865964,0.335476702658913
4652,Negative,Neutral,False,0.32507612750978965,0.3507730786578945,0.3241507938323158
9491,Neutral,Positive,False,0.3349961312595929,0.3155733140196277,0.34943055472077933
9699,Positive,Neutral,False,0.32507612750978965,0.3507730786578945,0.3241507938323158
2273,Negative,Neutral,False,0.3252367841570442,0.34063160201981385,0.33413161382314205
3415,Positive,Neutral,False,0.3247449922487129,0.3604416857724742,0.31481332197881284
9019,Negative,Positive,False,0.3251789067686413,0.32900849023571976,0.345812602995639
3326,Neutral,Negative,False,0.34451271283243257,0.3214299235448196,0.33405736362274785
6068,Neutral,Neutral,True,0.33612985687883473,0.3373972003842993,0.32647294273686595
1659,Positive,Positive,True,0.32517939494301434,0.32903843140728445,0.34578217364970126
681,Positive,Neutral,False,0.32507612750978965,0.3507730786578945,0.3241507938323158
8175,Positive,Positive,True,0.31642636390627277,0.3341258912922668,0.3494477448014605
2924,Negative,Positive,False,0.3352293123664259,0.3249360256356105,0.3398346619979636
7245,Positive,Negative,False,0.34451271283243257,0.3214299235448196,0.33405736362274785
7348,Negative,Neutral,False,0.32507612750978965,0.3507730786578945,0.3241507938323158
5051,Positive,Positive,True,0.32517939494301434,0.32903843140728445,0.34578217364970126
5155,Positive,Positive,True,0.32485754544353523,0.31747597697354185,0.35766647758292286
6183,Neutral,Positive,False,0.3249414462656232,0.3197293476687173,0.3553292060656595
9413,Negative,Neutral,False,0.3154456076561925,0.3506748430507232,0.3338795492930843
7709,Negative,Negative,True,0.3445528239815897,0.3290322287942731,0.3264149472241373
1808,Positive,Positive,True,0.3252100840904162,0.33120971541500444,0.3435802004945793
6588,Negative,Positive,False,0.3252100840904162,0.33120971541500444,0.3435802004945793
2034,Neutral,Negative,False,0.34448841324982094,0.3198201864424685,0.33569140030771055
7094,Neutral,Neutral,True,0.32507612750978965,0.3507730786578945,0.3241507938323158
3061,Negative,Negative,True,0.34448841324982094,0.3198201864424685,0.33569140030771055
6961,Neutral,Positive,False,0.32517939494301434,0.32903843140728445,0.34578217364970126
4560,Negative,Neutral,False,0.3252459388352786,0.3384097258619816,0.3363443353027399
3865,Negative,Neutral,False,0.3252362658444432,0.3407135475717141,0.3340501865838427
7466,Neutral,Neutral,True,0.3252445603213569,0.33895771317981127,0.3357977264988318
1246,Negative,Negative,True,0.3445455932698298,0.33065806870077585,0.3247963380293943
9877,Positive,Neutral,False,0.3247449922487129,0.3604416857724742,0.31481332197881284
5865,Negative,Positive,False,0.31539120346891,0.33092348548203876,0.3536853110490512
3722,Positive,Neutral,False,0.3252367841570442,0.34063160201981385,0.33413161382314205
3139,Neutral,Positive,False,0.31539120346891,0.33092348548203876,0.3536853110490512
5048,Negative,Positive,False,0.3349813083716732,0.31515235327887675,0.3498663383494501
7781,Positive,Neutral,False,0.3252367841570442,0.34063160201981385,0.33413161382314205
9343,Negative,Positive,False,0.32449928950811785,0.3099097535212575,0.3655909569706247
2112,Neutral,Neutral,True,0.3252367841570442,0.34063160201981385,0.33413161382314205
6687,Positive,Positive,True,0.3249375979613494,0.3196195471198823,0.3554428549187682
7832,Negative,Neutral,False,0.33610090633948003,0.3395927366719889,0.3243063569885311
5161,Negative,Neutral,False,0.3251282763714236,0.34853114531718843,0.3263405783113879
3703,Negative,Positive,False,0.3071036227537793,0.3407480725931927,0.35214830465302804
6173,Positive,Neutral,False,0.32507612750978965,0.3507730786578945,0.3241507938323158
6508,Negative,Positive,False,0.3249414462656232,0.3197293476687173,0.3553292060656595
3176,Neutral,Negative,False,0.3437340214497137,0.3295939378980647,0.3266720406522216
9834,Neutral,Neutral,True,0.32507612750978965,0.3507730786578945,0.3241507938323158
1192,Negative,Neutral,False,0.32507612750978965,0.3507730786578945,0.3241507938323158
7345,Negative,Positive,False,0.3314533336593992,0.2989248865997941,0.36962177974080657
4513,Positive,Neutral,False,0.31704238326101586,0.34902325252717353,0.3339343642118106
7895,Positive,Neutral,False,0.3252367841570442,0.34063160201981385,0.33413161382314205
6249,Positive,Positive,True,0.3162075263057713,0.330093909235492,0.35369856445873676
9142,Positive,Neutral,False,0.3269476396715434,0.3488582984511168,0.3241940618773398
53,Positive,Positive,True,0.353909864428286,0.2911140783804768,0.35497605719123715
4351,Positive,Negative,False,0.34451271283243257,0.3214299235448196,0.33405736362274785
2541,Positive,Negative,False,0.34451271283243257,0.3214299235448196,0.33405736362274785
2052,Positive,Neutral,False,0.31680347493850647,0.35932122538561245,0.3238752996758811
7732,Neutral,Neutral,True,0.32507612750978965,0.3507730786578945,0.3241507938323158
7538,Negative,Neutral,False,0.3252367841570442,0.34063160201981385,0.33413161382314205
366,Positive,Positive,True,0.32449928950811785,0.3099097535212575,0.3655909569706247
9980,Neutral,Neutral,True,0.32570262845865794,0.3508479886550727,0.32344938288626934
8443,Positive,Positive,True,0.3170915124869999,0.33944970835031374,0.3434587791626864
1102,Negative,Negative,True,0.360203980220645,0.3034371407121967,0.3363588790671584
6343,Neutral,Positive,False,0.31707782233601484,0.33712984933927204,0.34579232832471307
6357,Negative,Neutral,False,0.3170621691775667,0.3474366994154099,0.3355011314070235
2150,Negative,Neutral,False,0.31519164348659257,0.36100292401634315,0.3238054324970643
4414,Negative,Positive,False,0.3249414462656232,0.3197293476687173,0.3553292060656595
2720,Positive,Neutral,False,0.3250898786212276,0.3502193194026074,0.324690801976165
9592,Negative,Positive,False,0.32499254082933754,0.3212599289331419,0.3537475302375205
6075,Neutral,Positive,False,0.32499254082933754,0.3212599289331419,0.3537475302375205
1684,Negative,Positive,False,0.3252100840904162,0.33120971541500444,0.3435802004945793
7907,Neutral,Neutral,True,0.31640103936432223,0.36913243664102074,0.3144665239946571
7494,Negative,Neutral,False,0.316654239443571,0.35070425928191945,0.33264150127450953
3293,Neutral,Positive,False,0.31657222942724755,0.3286752125383662,0.3547525580343862
5170,Negative,Positive,False,0.3353655743652223,0.3288000502932289,0.33583437534154875
3990,Positive,Negative,False,0.3357828518027622,0.33129129197991997,0.33292585621731785
2024,Neutral,Neutral,True,0.32507612750978965,0.3507730786578945,0.3241507938323158
7654,Neutral,Neutral,True,0.3170823657547314,0.34518270581938243,0.33773492842588615
7663,Positive,Neutral,False,0.3170691500556729,0.3467661531457314,0.33616469679859573
3684,Negative,Neutral,False,0.3247449922487129,0.3604416857724742,0.31481332197881284
133,Positive,Negative,False,0.34373415076763,0.32955099510129404,0.3267148541310759
4409,Neutral,Positive,False,0.3240284335961958,0.3305172970867175,0.34545426931708667
609,Positive,Negative,False,0.34451271283243257,0.3214299235448196,0.33405736362274785
7578,Neutral,Neutral,True,0.30712784573610363,0.34870973935888844,0.3441624149050078
3318,Positive,Positive,True,0.3168548246079471,0.32548426086153126,0.35766091453052173
8239,Negative,Positive,False,0.3252100840904162,0.33120971541500444,0.3435802004945793
6781,Neutral,Negative,False,0.34448841324982094,0.3198201864424685,0.33569140030771055
9331,Neutral,Negative,False,0.34451271283243257,0.3214299235448196,0.33405736362274785
3484,Positive,Negative,False,0.34448841324982094,0.3198201864424685,0.33569140030771055
