,Actual_User_Experience,Predicted_User_Experience,Correct,Probability_Negative,Probability_Neutral,Probability_Positive
9671,Negative,Positive,False,0.29902873398813606,0.3486049021809978,0.3523663638308661
5672,Negative,Neutral,False,0.3319140422711549,0.34208487594280096,0.3260010817860443
5389,Positive,Positive,True,0.33566201952551056,0.324089088761029,0.34024889171346046
3103,Positive,Positive,True,0.3094738118271261,0.32661044374314757,0.36391574442972635
7910,Positive,Neutral,False,0.3230936690071362,0.33945807659381005,0.3374482543990538
4158,Positive,Positive,True,0.29413059656098733,0.34893380683781616,0.3569355966011964
6029,Neutral,Positive,False,0.33350324532794645,0.324173615194564,0.34232313947748955
9162,Negative,Neutral,False,0.3307497643467713,0.347425019400084,0.3218252162531447
4156,Neutral,Positive,False,0.33412874239930945,0.330927034686163,0.3349442229145276
2350,Negative,Neutral,False,0.3250612311460045,0.3483071267309715,0.32663164212302404
8941,Positive,Positive,True,0.3101603314287168,0.33361819892000244,0.35622146965128076
7681,Neutral,Positive,False,0.3453142331057063,0.30455671536028167,0.35012905153401197
9895,Negative,Neutral,False,0.3089232823362514,0.3552973996722747,0.3357793179914738
9310,Negative,Positive,False,0.2980597410222606,0.3412245937933798,0.3607156651843595
1249,Neutral,Negative,False,0.3455367926266431,0.33797114436080816,0.3164920630125486
2118,Positive,Positive,True,0.33364396123564416,0.3241669624248404,0.34218907633951545
433,Positive,Neutral,False,0.3325701397024096,0.3360650840717551,0.33136477622583527
9221,Positive,Negative,False,0.3514713210853586,0.3017009101468128,0.3468277687678286
5084,Negative,Negative,True,0.34902176839379334,0.3164146655398838,0.3345635660663228
5754,Negative,Positive,False,0.3283097926847082,0.315230742407359,0.35645946490793273
7375,Neutral,Neutral,True,0.318387748784003,0.3430661273951855,0.33854612382081156
6290,Positive,Positive,True,0.3248265164877547,0.3243202987874651,0.35085318472478016
5473,Negative,Neutral,False,0.31461166006094826,0.360250569186753,0.32513777075229877
5240,Neutral,Positive,False,0.32966442080180336,0.32866471561322014,0.34167086358497656
1256,Positive,Negative,False,0.34222022250224265,0.31945184626088663,0.3383279312368708
4113,Positive,Neutral,False,0.3139893151945914,0.3457102537099948,0.34030043109541375
3965,Neutral,Positive,False,0.33411748095312155,0.3114107342164176,0.3544717848304609
7114,Negative,Neutral,False,0.32349275540071687,0.34970766164266437,0.3267995829566188
8092,Positive,Neutral,False,0.2964431421884887,0.39296626252461503,0.31059059528689636
1643,Neutral,Positive,False,0.32212095307127214,0.33007292686099704,0.3478061200677307
8059,Neutral,Neutral,True,0.3322582645974021,0.34422722743102857,0.3235145079715692
6316,Neutral,Positive,False,0.31044628876793284,0.32964325504600156,0.35991045618606565
6006,Negative,Positive,False,0.322191617792966,0.31784261733621444,0.35996576487081955
2703,Negative,Positive,False,0.31442204391934736,0.33087478476610777,0.3547031713145449
7723,Negative,Positive,False,0.3126488312482131,0.34180546178842314,0.34554570696336384
577,Positive,Positive,True,0.3190824059055181,0.32108062937142473,0.35983696472305715
5396,Negative,Neutral,False,0.3357563062570393,0.344146810419016,0.3200968833239447
8993,Negative,Positive,False,0.33050974314912795,0.32558603025838506,0.34390422659248693
3521,Positive,Neutral,False,0.3287110798750569,0.346938321327319,0.3243505987976242
9842,Neutral,Negative,False,0.3379937247818722,0.33416602310943877,0.32784025210868917
8020,Positive,Neutral,False,0.324898127420735,0.3390281821315334,0.33607369044773155
7363,Neutral,Positive,False,0.33098744969594457,0.3103664240703283,0.35864612623372716
9902,Negative,Positive,False,0.31469779897187566,0.32061903013941984,0.36468317088870444
8730,Negative,Positive,False,0.3342646366392249,0.316867507037277,0.34886785632349815
6983,Negative,Positive,False,0.3015770126600561,0.3437479098135369,0.354675077526407
9353,Positive,Neutral,False,0.32535471841024505,0.3446104255749003,0.33003485601485466
4895,Positive,Neutral,False,0.29803950398158313,0.3559742300976962,0.3459862659207207
2786,Positive,Positive,True,0.3201176357691601,0.33954645241009596,0.34033591182074396
6218,Positive,Negative,False,0.36482708790528223,0.3034525805180345,0.3317203315766833
1709,Positive,Negative,False,0.34892918624101404,0.3356792136933147,0.31539160006567124
5861,Positive,Negative,False,0.3364313763545334,0.33629277924862855,0.32727584439683804
8923,Negative,Positive,False,0.33141879344294767,0.33389489461738586,0.3346863119396665
9480,Neutral,Positive,False,0.32841982848272805,0.32269184858539596,0.348888322931876
3424,Neutral,Negative,False,0.34138699390611427,0.3319844718549883,0.3266285342388975
7122,Neutral,Neutral,True,0.3059920116938856,0.35938876932578623,0.3346192189803282
6209,Neutral,Positive,False,0.3288075435286805,0.3174829002545119,0.35370955621680766
8692,Positive,Positive,True,0.3262592117021332,0.32701570777804695,0.34672508051981993
7560,Neutral,Positive,False,0.33281991859532134,0.3288382866431682,0.3383417947615104
5495,Negative,Positive,False,0.3153531847240842,0.3334800916385751,0.35116672363734075
9247,Neutral,Neutral,True,0.32674394046622673,0.34590948915323383,0.3273465703805394
9828,Negative,Neutral,False,0.30215560779919903,0.3857444199580652,0.31209997224273583
4810,Neutral,Neutral,True,0.32833578823319287,0.3476716897777766,0.3239925219890305
2710,Negative,Positive,False,0.3255503611944921,0.3306437183838044,0.34380592042170355
5378,Neutral,Negative,False,0.35330809321731244,0.34147255342856914,0.3052193533541185
9113,Positive,Positive,True,0.32272017919267015,0.33591178188491466,0.34136803892241524
6347,Positive,Neutral,False,0.32708996811256974,0.3388783184962921,0.3340317133911382
5080,Negative,Neutral,False,0.29897030505201316,0.3594344659597597,0.34159522898822714
4589,Neutral,Positive,False,0.3213256820445523,0.32347677062130487,0.3551975473341427
845,Positive,Neutral,False,0.2812197134808841,0.4056511452777041,0.3131291412414119
3032,Neutral,Positive,False,0.3138216081440339,0.3392732468527058,0.3469051450032603
2421,Positive,Positive,True,0.3316095831355842,0.3224600414065239,0.34593037545789196
7095,Neutral,Positive,False,0.3167537263737614,0.3070910091807515,0.3761552644454872
4344,Neutral,Neutral,True,0.33332774995153713,0.33810950450113536,0.32856274554732756
3799,Neutral,Neutral,True,0.328504060294589,0.3447178148856521,0.32677812481975876
3454,Neutral,Neutral,True,0.26641701441830756,0.38673893738180715,0.34684404819988524
5623,Positive,Neutral,False,0.31879995262148886,0.34582090446502756,0.3353791429134837
2441,Negative,Negative,True,0.3466736498553897,0.31359216906542214,0.33973418107918824
1640,Neutral,Positive,False,0.3366375814734968,0.3235271183772811,0.3398353001492221
9684,Negative,Positive,False,0.32698285212122974,0.33497535931078604,0.3380417885679842
9937,Positive,Positive,True,0.330848694560912,0.31326553292508896,0.355885772513999
6663,Negative,Negative,True,0.34971983877614343,0.33743285067006873,0.3128473105537878
573,Positive,Neutral,False,0.30966943782449546,0.36181029956159627,0.3285202626139082
9141,Neutral,Positive,False,0.3335064120411093,0.33245572722588335,0.33403786073300745
2386,Positive,Neutral,False,0.3092820569859521,0.36148346181202434,0.32923448120202353
1832,Negative,Positive,False,0.3279126856896045,0.3290371463638996,0.3430501679464959
7947,Neutral,Neutral,True,0.3170666720005119,0.345900675665471,0.3370326523340171
7829,Negative,Positive,False,0.33549048064759107,0.3144997120236608,0.3500098073287481
9234,Positive,Positive,True,0.32595247531215343,0.32865746865250645,0.3453900560353403
457,Negative,Neutral,False,0.33028879614697976,0.3551705117022383,0.31454069215078195
5415,Neutral,Negative,False,0.34770355251913676,0.3185183678349117,0.3337780796459516
3462,Neutral,Positive,False,0.3275639406766163,0.3035700169601797,0.36886604236320397
1199,Positive,Neutral,False,0.310045887944624,0.34717436421924824,0.34277974783612786
1456,Neutral,Negative,False,0.3602759556905544,0.3281999683381608,0.31152407597128495
4385,Positive,Negative,False,0.3538486107266692,0.3308538542779747,0.3152975349953561
8465,Positive,Negative,False,0.3400150076274882,0.32634779247803414,0.33363719989447765
9543,Negative,Positive,False,0.32944505503915317,0.3315887702097596,0.33896617475108726
684,Positive,Neutral,False,0.2902758694595466,0.3710036439655947,0.33872048657485854
805,Neutral,Positive,False,0.31998635813814075,0.31375761929191515,0.36625602256994405
6033,Negative,Negative,True,0.3568767086963648,0.3168728876512315,0.32625040365240365
389,Neutral,Positive,False,0.31923637627227763,0.3181536412879996,0.3626099824397226
2170,Positive,Positive,True,0.33096876736419034,0.32569501791602673,0.343336214719783
2511,Positive,Positive,True,0.32638310469065046,0.3270661767198295,0.3465507185895199
8902,Negative,Negative,True,0.40835688172187656,0.300804517925651,0.2908386003524724
8478,Negative,Positive,False,0.31993035201607933,0.3151111124972205,0.36495853548670026
8244,Negative,Negative,True,0.34633679377165927,0.33205848383782943,0.3216047223905113
9951,Positive,Neutral,False,0.3105825668649143,0.3538819242664625,0.33553550886862316
1621,Negative,Neutral,False,0.33189980923261386,0.33695684071385784,0.33114335005352835
1494,Negative,Neutral,False,0.29728182692152566,0.37500051859822875,0.32771765448024565
9863,Positive,Positive,True,0.29041817489760063,0.3520898075374154,0.35749201756498394
6694,Neutral,Positive,False,0.3290916779232152,0.31938055781113234,0.3515277642656524
4657,Negative,Positive,False,0.337856627625723,0.3196725571580994,0.3424708152161775
9105,Positive,Neutral,False,0.31192980080702304,0.3543067996745931,0.3337633995183838
9028,Positive,Positive,True,0.331175960297753,0.31587589369618163,0.35294814600606533
6100,Negative,Positive,False,0.2665851828414017,0.3613956677873681,0.37201914937123026
9279,Neutral,Neutral,True,0.2908199413827255,0.3627967408614267,0.34638331775584774
1252,Positive,Neutral,False,0.2933877012947164,0.3730530108764911,0.3335592878287924
1319,Neutral,Positive,False,0.3205340879782083,0.3190930965896061,0.36037281543218547
5855,Neutral,Positive,False,0.32902119908958255,0.3279751137839686,0.34300368712644874
3929,Negative,Neutral,False,0.335964461563602,0.3361222158776418,0.32791332255875616
6972,Neutral,Positive,False,0.33097646719836804,0.334407083127881,0.33461644967375115
540,Neutral,Negative,False,0.34729127242762625,0.3309917178303391,0.32171700974203465
5254,Positive,Positive,True,0.2846882614773977,0.34572148488662735,0.3695902536359749
9453,Neutral,Neutral,True,0.31982404209294407,0.3528449040182061,0.3273310538888498
2401,Negative,Positive,False,0.32254778283569807,0.3309238573643248,0.3465283597999771
2911,Negative,Negative,True,0.36994670888995995,0.2966530183393044,0.3334002727707356
4614,Neutral,Positive,False,0.32737844775481784,0.3257727389797969,0.3468488132653851
8438,Neutral,Negative,False,0.3999384116599884,0.3004379728438186,0.29962361549619315
7470,Positive,Neutral,False,0.3342565835753157,0.3383066472328588,0.32743676919182546
8833,Neutral,Positive,False,0.31398320652941275,0.3153863482066692,0.3706304452639179
3606,Negative,Neutral,False,0.35023026795628115,0.3514413900922909,0.29832834195142804
4145,Neutral,Neutral,True,0.3128104647931714,0.35642126967228505,0.33076826553454347
9943,Negative,Negative,True,0.33909104479020075,0.3374614394941723,0.323447515715627
3317,Negative,Neutral,False,0.3205855183707465,0.366357289830118,0.3130571917991353
2777,Neutral,Neutral,True,0.33518936953211664,0.34241715123810246,0.32239347922978095
394,Neutral,Positive,False,0.3391469347893755,0.31414612954750826,0.3467069356631163
5477,Neutral,Positive,False,0.3198942827435488,0.3211487344167361,0.358956982839715
8507,Positive,Neutral,False,0.3123229027485693,0.35814200565660004,0.3295350915948307
2544,Negative,Positive,False,0.3244117475970807,0.31593860341119134,0.3596496489917278
8325,Neutral,Positive,False,0.3392229724838909,0.3169169680455588,0.34386005947055037
4993,Negative,Positive,False,0.3301755842545954,0.3301074093945014,0.33971700635090335
4624,Neutral,Neutral,True,0.32259838070879326,0.34224369390992465,0.33515792538128203
4415,Positive,Positive,True,0.30746225082255035,0.2972747349925779,0.3952630141848718
5349,Negative,Negative,True,0.3437419662000525,0.32166136076210206,0.3345966730378453
4152,Positive,Positive,True,0.31429385492234607,0.329699398950307,0.356006746127347
7648,Neutral,Neutral,True,0.2825468317220808,0.3716092470243354,0.3458439212535837
2631,Neutral,Neutral,True,0.29954616291633973,0.35757349618083234,0.34288034090282793
8317,Negative,Neutral,False,0.3301864722377139,0.3423525178692329,0.32746100989305327
7238,Negative,Negative,True,0.34786789101010934,0.3057725786738514,0.3463595303160394
7649,Neutral,Neutral,True,0.32068722229103586,0.3716649648531656,0.30764781285579856
784,Negative,Positive,False,0.3316137874356352,0.33243297839916797,0.33595323416519685
3645,Positive,Positive,True,0.3272547552702059,0.3298502549929645,0.3428949897368296
3201,Positive,Neutral,False,0.3209450976573768,0.3457926599659632,0.33326224237666013
7587,Neutral,Negative,False,0.35932644601986957,0.2995488065140435,0.34112474746608706
2358,Positive,Neutral,False,0.28893047275698003,0.3890147322555111,0.32205479498750883
6458,Neutral,Positive,False,0.30454101066712036,0.345275121868741,0.35018386746413876
5397,Negative,Positive,False,0.32428393840776004,0.3029049664797162,0.37281109511252375
3224,Negative,Neutral,False,0.31864083884338185,0.35290265677974747,0.3284565043768707
1856,Neutral,Neutral,True,0.32759131464014823,0.3478990959834818,0.32450958937637
4561,Neutral,Neutral,True,0.317942336497573,0.3458824542923594,0.3361752092100676
9459,Negative,Positive,False,0.3205289930544405,0.3329341098172873,0.34653689712827224
8496,Positive,Positive,True,0.31873466164372566,0.3272035253110744,0.3540618130452001
8603,Negative,Positive,False,0.3323695118319944,0.31245915499593613,0.3551713331720695
9488,Negative,Neutral,False,0.3205176326492341,0.351814851981354,0.327667515369412
4703,Neutral,Positive,False,0.3109178654565652,0.32609419800908773,0.362987936534347
1507,Neutral,Positive,False,0.3335103812591004,0.33070161432210954,0.33578800441879003
9303,Negative,Neutral,False,0.32694920964376073,0.3477485395617165,0.3253022507945228
5373,Positive,Positive,True,0.3269864681889035,0.3290246209795286,0.3439889108315679
4143,Negative,Neutral,False,0.32535836339650104,0.34226839467293724,0.3323732419305617
6546,Neutral,Positive,False,0.3279279265452403,0.33594657901688935,0.33612549443787043
2707,Neutral,Positive,False,0.33333836076135925,0.3143272294442763,0.3523344097943644
9869,Positive,Neutral,False,0.33486011127493276,0.33603586979678346,0.3291040189282837
7797,Neutral,Neutral,True,0.3142211454620559,0.3440658942723335,0.34171296026561065
4191,Negative,Positive,False,0.3226567334724754,0.31606957630155946,0.36127369022596506
8725,Neutral,Positive,False,0.3286983435203789,0.3338589925560727,0.33744266392354844
1537,Positive,Positive,True,0.32455920056481574,0.334021188308723,0.34141961112646124
1471,Negative,Positive,False,0.3108915638434664,0.33991578148745333,0.3491926546690803
8107,Positive,Positive,True,0.332380342050348,0.32426707605086696,0.34335258189878504
5222,Neutral,Positive,False,0.3219114719310329,0.32167884371716904,0.3564096843517981
8023,Negative,Positive,False,0.31603514081397743,0.3221541870068605,0.361810672179162
6912,Negative,Negative,True,0.33707332348394314,0.3322902195438862,0.3306364569721705
3690,Neutral,Neutral,True,0.32466376676704967,0.34072703921084563,0.33460919402210476
7314,Positive,Negative,False,0.3401355725000228,0.3291805912229872,0.33068383627699005
1182,Negative,Neutral,False,0.3104095160583228,0.3460398001330745,0.34355068380860276
7952,Neutral,Neutral,True,0.3210404260159248,0.3413286593143895,0.3376309146696856
1326,Positive,Neutral,False,0.333429498389135,0.33629652537386157,0.3302739762370035
6304,Negative,Positive,False,0.3217616587103501,0.33840127398826214,0.3398370673013878
4628,Neutral,Neutral,True,0.3191876236643234,0.3520881998491745,0.32872417648650215
3105,Positive,Positive,True,0.32945709215912394,0.32983508933019523,0.34070781851068077
7630,Negative,Neutral,False,0.3440668174363657,0.3457824643139444,0.31015071824968987
564,Negative,Neutral,False,0.3360789999408101,0.3413969582927855,0.3225240417664043
4398,Negative,Neutral,False,0.3198525818186964,0.35892335952205007,0.3212240586592535
3497,Negative,Neutral,False,0.332068079416317,0.3361583403221203,0.3317735802615626
8390,Positive,Neutral,False,0.3229651288831306,0.35362308387295743,0.323411787243912
7993,Neutral,Negative,False,0.3511386622164499,0.3049441004697474,0.34391723731380275
7980,Neutral,Positive,False,0.3254224015653391,0.3360784786324128,0.338499119802248
2654,Negative,Neutral,False,0.32060283670723727,0.34445896647957785,0.33493819681318493
1906,Neutral,Negative,False,0.34341170767825224,0.3207529542896139,0.33583533803213395
6367,Positive,Positive,True,0.31910416267747316,0.33747075037711916,0.34342508694540774
9860,Negative,Neutral,False,0.35529862231066667,0.35547796407694365,0.2892234136123897
536,Negative,Positive,False,0.32691009705732205,0.3340685444756737,0.3390213584670043
6832,Positive,Neutral,False,0.319971311171948,0.3516820240487219,0.3283466647793302
3975,Negative,Negative,True,0.3350652254056499,0.3309108759381993,0.3340238986561508
2051,Negative,Neutral,False,0.32090976215682987,0.3518190175460637,0.32727122029710637
3142,Neutral,Neutral,True,0.3343781467793699,0.33766577455574526,0.32795607866488474
794,Negative,Positive,False,0.30079929182189474,0.3425621887940204,0.35663851938408486
6756,Positive,Neutral,False,0.32490020042239354,0.3553082710135325,0.3197915285640739
9918,Neutral,Positive,False,0.3342155017619164,0.3279418487578735,0.33784264948021003
7145,Negative,Positive,False,0.32338311063594405,0.3297594628295535,0.3468574265345024
6788,Positive,Neutral,False,0.3191396361510321,0.3599487483174312,0.3209116155315367
7226,Positive,Positive,True,0.32183484603876417,0.33356143854043324,0.34460371542080254
162,Positive,Neutral,False,0.3318312438615811,0.3397610938799827,0.3284076622584363
8374,Negative,Positive,False,0.30624883238447065,0.33565595433216516,0.35809521328336413
2877,Positive,Negative,False,0.3456776551663214,0.33053089160509946,0.323791453228579
8827,Negative,Positive,False,0.3244426523883954,0.304660500439805,0.3708968471717995
3218,Positive,Negative,False,0.34379721404588004,0.33744156433067596,0.31876122162344395
3050,Negative,Negative,True,0.41007048263157414,0.27887521243845376,0.311054304929972
1973,Neutral,Positive,False,0.3218160294968371,0.2985658707132709,0.3796180997898921
6067,Neutral,Negative,False,0.3355913630918653,0.3314728256390268,0.33293581126910804
4528,Negative,Positive,False,0.33102948753062317,0.31553644650571033,0.3534340659636665
7078,Positive,Negative,False,0.35951993217510486,0.31366704626717296,0.3268130215577223
217,Negative,Positive,False,0.3260493566975027,0.3268272876276839,0.3471233556748134
7923,Neutral,Neutral,True,0.3338967629406045,0.34701885518563513,0.3190843818737605
4672,Negative,Positive,False,0.329858760147751,0.3340732581787637,0.33606798167348517
600,Negative,Neutral,False,0.33137253354058976,0.34349086285173436,0.3251366036076759
8531,Negative,Neutral,False,0.32985009276740995,0.33865619053201007,0.33149371670058
1399,Positive,Positive,True,0.3318635121460842,0.32530369696868,0.3428327908852358
2627,Neutral,Negative,False,0.345221549177985,0.3427995168265499,0.31197893399546517
6259,Positive,Positive,True,0.3191474328196184,0.33944350245144206,0.3414090647289394
5445,Negative,Positive,False,0.3033886676331992,0.3478956903044213,0.3487156420623795
5866,Neutral,Neutral,True,0.32609264965215934,0.3439776490149087,0.3299297013329319
2351,Positive,Positive,True,0.32660984213335165,0.33318952455247647,0.3402006333141719
2478,Negative,Negative,True,0.3453786833899922,0.31861315809071494,0.33600815851929267
378,Positive,Negative,False,0.3438035334129557,0.34037446834076485,0.3158219982462794
2077,Neutral,Positive,False,0.3193191504046816,0.33802186049644767,0.3426589890988707
1734,Positive,Neutral,False,0.3170139320341724,0.35419969974334775,0.32878636822248
9163,Positive,Positive,True,0.2915313100362481,0.3371612078590646,0.3713074821046872
5983,Positive,Neutral,False,0.32725777127963274,0.34603647607137256,0.3267057526489947
8769,Positive,Positive,True,0.32550300481483846,0.3359959338489817,0.3385010613361797
1974,Negative,Neutral,False,0.3363551037988087,0.34834248400579315,0.3153024121953981
7552,Positive,Positive,True,0.3206740566320994,0.33307839491091845,0.3462475484569821
3950,Neutral,Negative,False,0.3387480300800953,0.3294900071677073,0.33176196275219744
2545,Positive,Positive,True,0.3136555374028535,0.31333303212340413,0.3730114304737424
7018,Negative,Neutral,False,0.29807257907173346,0.3614114945771663,0.3405159263511002
7336,Negative,Positive,False,0.33113316742151,0.324406758886029,0.344460073692461
8261,Positive,Positive,True,0.326776844721688,0.31202429021874134,0.3611988650595706
4983,Neutral,Positive,False,0.3168828859555136,0.3210372578613772,0.3620798561831092
8617,Negative,Positive,False,0.2955063293661272,0.3428655648912662,0.3616281057426065
1483,Neutral,Neutral,True,0.3259195396495132,0.3475190917898951,0.3265613685605917
4653,Positive,Neutral,False,0.32489327995800055,0.3383912540436014,0.3367154659983979
2452,Neutral,Negative,False,0.3596557692531601,0.30977413555990624,0.33057009518693353
9007,Neutral,Positive,False,0.32656681558187484,0.3277674173632954,0.3456657670548297
7625,Negative,Neutral,False,0.33070502682047126,0.33723244479539505,0.3320625283841337
3980,Positive,Positive,True,0.3249597059593124,0.3348154500259691,0.3402248440147186
9542,Neutral,Positive,False,0.31386269411917744,0.3322639673978615,0.3538733384829609
6954,Negative,Negative,True,0.38317032989399885,0.2955852798350723,0.3212443902709288
6726,Positive,Positive,True,0.33266060185869306,0.32777482586762724,0.33956457227367975
163,Negative,Positive,False,0.3227291130657432,0.328167338317088,0.3491035486171688
8611,Negative,Negative,True,0.36754788795250126,0.3213561490633458,0.3110959629841529
6366,Neutral,Positive,False,0.33183455171714454,0.3251049410661891,0.3430605072166664
5012,Positive,Positive,True,0.33630307010814947,0.31849223767402696,0.3452046922178237
4660,Positive,Positive,True,0.322869589312201,0.3381135276742225,0.33901688301357646
6425,Positive,Neutral,False,0.33026026604518516,0.3353282650408088,0.3344114689140059
294,Negative,Positive,False,0.33212572641790894,0.307593702219895,0.360280571362196
8572,Positive,Neutral,False,0.3225106449413216,0.33964160406331806,0.3378477509953603
7924,Negative,Neutral,False,0.3186161989379701,0.3558189802766942,0.3255648207853357
1718,Negative,Positive,False,0.3203716265014869,0.32753873902168196,0.35208963447683106
4155,Negative,Negative,True,0.3863494029725663,0.2868700561499488,0.32678054087748476
7540,Positive,Positive,True,0.3245409833689306,0.3363192036855328,0.3391398129455365
408,Negative,Positive,False,0.3277274196391723,0.3276207361517712,0.34465184420905665
3751,Neutral,Positive,False,0.33167392743469665,0.3285336989689639,0.3397923735963394
1803,Positive,Neutral,False,0.30460674948155836,0.347711233287674,0.34768201723076764
3466,Positive,Neutral,False,0.306623816687517,0.3543929347037056,0.3389832486087774
9144,Neutral,Neutral,True,0.34040261839004204,0.3462073366067547,0.3133900450032031
5519,Neutral,Positive,False,0.3231278295482995,0.333719381430872,0.3431527890208286
9068,Negative,Positive,False,0.32208559925999297,0.3279338998394843,0.3499805009005229
1861,Positive,Negative,False,0.35108370904773456,0.3198181399564169,0.32909815099584855
6970,Positive,Positive,True,0.32468310576803694,0.32373975102284724,0.3515771432091158
9301,Positive,Neutral,False,0.32914476589735886,0.341444348503261,0.32941088559938025
6761,Negative,Neutral,False,0.31849961430348683,0.3407672628408461,0.3407331228556671
2072,Neutral,Neutral,True,0.33199877928274757,0.3351897159379338,0.3328115047793186
4472,Positive,Positive,True,0.3360147853309613,0.32348618665180895,0.3404990280172298
9070,Negative,Neutral,False,0.31712063557339537,0.358524066675523,0.3243552977510816
9873,Positive,Positive,True,0.32832059566156546,0.32878892214548344,0.3428904821929511
2874,Neutral,Neutral,True,0.3234526044923905,0.36091377829274185,0.31563361721486777
3885,Positive,Negative,False,0.34569903305726385,0.33959305328390726,0.3147079136588287
9613,Negative,Neutral,False,0.3186417003719384,0.34112230873053134,0.34023599089753026
9789,Neutral,Negative,False,0.3515407118831042,0.3209934825191541,0.32746580559774174
6027,Neutral,Neutral,True,0.3279155979124743,0.3375302660321256,0.33455413605540024
2007,Neutral,Positive,False,0.330359014455496,0.3248213363124373,0.3448196492320666
8857,Positive,Negative,False,0.3360098399632875,0.3307889967763954,0.33320116326031723
3554,Negative,Negative,True,0.3443236021424121,0.3327189288828996,0.32295746897468836
1917,Negative,Negative,True,0.3417897282121474,0.33247600784221254,0.32573426394564003
4214,Neutral,Negative,False,0.35212795335643415,0.31053785840478204,0.33733418823878386
3308,Positive,Positive,True,0.2997991140808628,0.3473463987946189,0.3528544871245181
5124,Neutral,Neutral,True,0.33017600080110227,0.3381114098009951,0.33171258939790266
9757,Negative,Negative,True,0.3350838359170971,0.33157628970177067,0.33333987438113233
2558,Neutral,Positive,False,0.32598164912820043,0.3324562119591326,0.34156213891266696
9514,Positive,Negative,False,0.3393226233454561,0.3357017560015707,0.32497562065297325
4855,Negative,Neutral,False,0.32106408779921025,0.35065245368778214,0.3282834585130076
6858,Negative,Positive,False,0.33046367664270704,0.3267352415177687,0.3428010818395241
5793,Negative,Neutral,False,0.30737707242998175,0.35738073696463973,0.33524219060537847
677,Positive,Neutral,False,0.33568597902656605,0.336880987773328,0.32743303320010597
1235,Positive,Positive,True,0.32835785555633484,0.3328916763953195,0.33875046804834563
5857,Negative,Neutral,False,0.3272008106732175,0.33802400051193415,0.3347751888148484
9647,Neutral,Positive,False,0.33459642255722755,0.3185693895088158,0.34683418793395654
3447,Positive,Positive,True,0.3266955534707739,0.32078918237878185,0.35251526415044426
769,Positive,Positive,True,0.3392390777350824,0.3150814156810374,0.3456795065838802
7072,Negative,Neutral,False,0.331015401777595,0.3380890998727222,0.3308954983496828
7800,Neutral,Positive,False,0.3307830677272799,0.32866766216579857,0.3405492701069215
8570,Negative,Neutral,False,0.3171763409162963,0.35185292464539897,0.33097073443830466
634,Negative,Positive,False,0.31414044996308826,0.3331386931690131,0.35272085686789867
6283,Negative,Negative,True,0.3474525590856845,0.3258847847378522,0.3266626561764632
63,Neutral,Positive,False,0.30823703139999326,0.3243672146752497,0.36739575392475693
7969,Negative,Positive,False,0.2959728069756917,0.34562179564422985,0.3584053973800784
2998,Neutral,Neutral,True,0.3114814546160969,0.3569977080692074,0.33152083731469567
299,Positive,Positive,True,0.32786677524056074,0.32544095466164114,0.3466922700977981
6452,Neutral,Neutral,True,0.3123532114887935,0.365996011490742,0.32165077702046446
6289,Positive,Positive,True,0.30639738072604544,0.3122623157771198,0.3813403034968348
2992,Negative,Neutral,False,0.3083393100023265,0.34585098739958225,0.3458097025980912
5542,Neutral,Positive,False,0.33112724309880337,0.3153776762563337,0.35349508064486296
6163,Neutral,Positive,False,0.28831498534683325,0.3552918092142636,0.3563932054389032
7814,Neutral,Positive,False,0.3343591275660833,0.32559184966575083,0.34004902276816573
6782,Neutral,Positive,False,0.330068575952106,0.325013779773983,0.344917644273911
4232,Negative,Positive,False,0.3101676502191059,0.31942652829923096,0.37040582148166307
6026,Positive,Negative,False,0.3371018026141761,0.32886205308071254,0.33403614430511147
5266,Negative,Negative,True,0.3362839604288898,0.3327824844264928,0.33093355514461736
7472,Neutral,Positive,False,0.34219288719283136,0.3114428986329279,0.34636421417424074
8432,Positive,Neutral,False,0.3203927653962715,0.38102879351454655,0.298578441089182
317,Negative,Positive,False,0.32484896439681343,0.3194521453541526,0.35569889024903395
9615,Neutral,Positive,False,0.32589234840217185,0.33046472985314596,0.3436429217446822
3154,Negative,Positive,False,0.3236437468201741,0.3245586061192248,0.35179764706060107
5566,Neutral,Positive,False,0.3211986180746614,0.32602621013104055,0.3527751717942981
4498,Positive,Positive,True,0.3129546132922187,0.334717761698067,0.3523276250097144
2887,Positive,Negative,False,0.4012551602221258,0.28773705585236287,0.31100778392551126
8144,Positive,Neutral,False,0.3307409653037628,0.349531499882802,0.3197275348134352
8397,Neutral,Neutral,True,0.3379275958081797,0.3431028609200551,0.3189695432717652
8213,Negative,Positive,False,0.3259780423508926,0.32949112232104194,0.34453083532806544
1093,Positive,Positive,True,0.29786182188110977,0.3469628546546402,0.35517532346425
6792,Negative,Neutral,False,0.32695532797905746,0.3432288891624728,0.3298157828584696
984,Negative,Negative,True,0.3410745302083062,0.33620842396094397,0.32271704583074984
848,Negative,Negative,True,0.3601654661238341,0.3329437290799567,0.3068908047962092
8688,Positive,Neutral,False,0.30057790772703546,0.3511874254291385,0.3482346668438261
6610,Positive,Positive,True,0.33284745487469863,0.3208446308997477,0.3463079142255537
4197,Positive,Positive,True,0.3045514735822237,0.3462612516190113,0.349187274798765
3189,Neutral,Neutral,True,0.3367392657492572,0.3486849513732142,0.31457578287752863
2382,Negative,Positive,False,0.31680872244577324,0.33007697837751815,0.35311429917670856
3488,Negative,Positive,False,0.3121954602228289,0.3400389940259827,0.34776554575118845
2779,Neutral,Positive,False,0.3333000570865374,0.3223973721682168,0.3443025707452458
5043,Negative,Negative,True,0.34807554652475003,0.3320046452829393,0.3199198081923107
9071,Negative,Negative,True,0.34410491864806253,0.3300681136322726,0.3258269677196648
9222,Negative,Neutral,False,0.32519304678113703,0.3393816958556099,0.335425257363253
5928,Neutral,Positive,False,0.3270892180100815,0.33453476019381156,0.3383760217961068
6203,Neutral,Neutral,True,0.30803795150659924,0.39369261549859985,0.2982694329948009
4896,Neutral,Negative,False,0.3460299364966464,0.32505443176311866,0.3289156317402351
1735,Positive,Positive,True,0.31958400405973086,0.33722008464650544,0.3431959112937637
901,Negative,Positive,False,0.3226098684714937,0.32144903906657285,0.35594109246193356
6844,Positive,Positive,True,0.32296732625873525,0.3054263347136348,0.37160633902762996
2423,Neutral,Negative,False,0.35697932847964176,0.34226644019394187,0.30075423132641643
2832,Neutral,Positive,False,0.35141320775336277,0.2823897525429294,0.36619703970370787
8960,Negative,Positive,False,0.3260254038889572,0.32056326411822567,0.353411331992817
6754,Negative,Neutral,False,0.3245596657946786,0.3553332944280942,0.32010703977722726
2229,Positive,Neutral,False,0.29952822188864553,0.3585846575094657,0.34188712060188886
6063,Positive,Positive,True,0.33817781065286057,0.3173446680755987,0.34447752127154074
9476,Positive,Negative,False,0.33864809451769134,0.3231965784540162,0.33815532702829243
7102,Negative,Neutral,False,0.29469002350837215,0.36733604128092345,0.33797393521070435
3388,Neutral,Neutral,True,0.302617380640611,0.3664312834628808,0.3309513358965082
2597,Positive,Neutral,False,0.3298139093779614,0.34286841887039043,0.3273176717516481
8319,Negative,Neutral,False,0.27549763123619614,0.4039513587543968,0.32055101000940694
7128,Positive,Neutral,False,0.31640093465193864,0.37335082748416804,0.3102482378638934
624,Positive,Neutral,False,0.31486228810093925,0.34802285550726864,0.33711485639179206
5651,Positive,Positive,True,0.31200311450614093,0.3268097677648399,0.3611871177290192
3393,Positive,Neutral,False,0.3250308813992961,0.3406920178897795,0.33427710071092426
4804,Negative,Positive,False,0.3128708603871655,0.32542902123714224,0.3617001183756923
5122,Neutral,Neutral,True,0.32519938835568046,0.3434219182786149,0.3313786933657046
5561,Neutral,Positive,False,0.33433831224502086,0.32768909101944244,0.33797259673553676
5955,Negative,Positive,False,0.33281249442758976,0.32140628556075884,0.3457812200116514
4652,Negative,Positive,False,0.33219902071010105,0.3212938458915982,0.3465071333983007
9491,Neutral,Negative,False,0.3710134090907331,0.33491045027935323,0.29407614062991366
9699,Positive,Neutral,False,0.3285861597186524,0.3381509237887708,0.3332629164925768
2273,Negative,Neutral,False,0.30789768551292956,0.3462210550085891,0.34588125947848125
3415,Positive,Neutral,False,0.3166218948650597,0.35584054645573987,0.3275375586792005
9019,Negative,Neutral,False,0.33502529039566076,0.3402320043620858,0.32474270524225346
3326,Neutral,Positive,False,0.34171393802289524,0.291408344335346,0.36687771764175886
6068,Neutral,Neutral,True,0.32707497707258826,0.36599798015143375,0.30692704277597793
1659,Positive,Positive,True,0.33622935568051177,0.31441243073645625,0.349358213583032
681,Positive,Neutral,False,0.3346664983140603,0.3433467714713609,0.3219867302145788
8175,Positive,Positive,True,0.3278180489856875,0.32652201697117,0.34565993404314244
2924,Negative,Neutral,False,0.3362774627522708,0.3472365584188231,0.31648597882890606
7245,Positive,Neutral,False,0.33167045422510555,0.33873446010715874,0.3295950856677357
7348,Negative,Positive,False,0.3245779634021676,0.32601541686750507,0.3494066197303273
5051,Positive,Positive,True,0.32505148744722534,0.32034776367211676,0.3546007488806579
5155,Positive,Positive,True,0.32017962149879237,0.3144820201459435,0.3653383583552642
6183,Neutral,Neutral,True,0.3140938768520534,0.35431353479894023,0.33159258834900635
9413,Negative,Neutral,False,0.30989301812705666,0.375425809570174,0.3146811723027693
7709,Negative,Negative,True,0.3586595459589326,0.302968915943949,0.3383715380971185
1808,Positive,Positive,True,0.3191392091490364,0.3316614838383852,0.34919930701257856
6588,Negative,Positive,False,0.3274135361227012,0.32936294217879075,0.34322352169850795
2034,Neutral,Positive,False,0.323566873344073,0.3347904912632653,0.3416426353926616
7094,Neutral,Positive,False,0.31794649572447564,0.3193564751587053,0.36269702911681906
3061,Negative,Negative,True,0.3487335496572961,0.31709492715149706,0.33417152319120674
6961,Neutral,Neutral,True,0.3287031437269615,0.33799854167060195,0.3332983146024365
4560,Negative,Positive,False,0.3383586093512145,0.303897565526991,0.3577438251217946
3865,Negative,Neutral,False,0.3206070643512456,0.34453610961345893,0.3348568260352956
7466,Neutral,Positive,False,0.32918638120673877,0.3242098098902928,0.3466038089029684
1246,Negative,Positive,False,0.3318272581674263,0.32832281676948233,0.33984992506309125
9877,Positive,Neutral,False,0.3349956003600913,0.34125434534753407,0.32375005429237474
5865,Negative,Neutral,False,0.3083278934271204,0.3513077538688199,0.3403643527040597
3722,Positive,Positive,True,0.3165756850507022,0.3329232361856047,0.3505010787636932
3139,Neutral,Neutral,True,0.30684999473964475,0.36206077124952835,0.3310892340108269
5048,Negative,Neutral,False,0.32854291562910376,0.3402051522025771,0.33125193216831916
7781,Positive,Positive,True,0.32113663823630423,0.33093747313651123,0.3479258886271845
9343,Negative,Neutral,False,0.32033172580259905,0.3431610707645056,0.3365072034328953
2112,Neutral,Positive,False,0.3213740623695754,0.3107016010302959,0.3679243366001287
6687,Positive,Positive,True,0.32925482460490585,0.32118134496874357,0.3495638304263506
7832,Negative,Neutral,False,0.3301518165076863,0.3559261934084335,0.3139219900838802
5161,Negative,Neutral,False,0.33570695977735454,0.3449266573429288,0.3193663828797165
3703,Negative,Neutral,False,0.293730411557796,0.3549395694600617,0.35133001898214217
6173,Positive,Neutral,False,0.31459948696763124,0.3675868400013442,0.3178136730310245
6508,Negative,Positive,False,0.32635619444288166,0.3334893193685053,0.34015448618861316
3176,Neutral,Negative,False,0.39016518339775547,0.29475797615416205,0.3150768404480826
9834,Neutral,Neutral,True,0.3371331027380961,0.3435701396944225,0.3192967575674814
1192,Negative,Negative,True,0.3372392907488538,0.3255723264421598,0.3371883828089864
7345,Negative,Positive,False,0.3094379830138396,0.3375848615798087,0.35297715540635166
4513,Positive,Neutral,False,0.30711124991081645,0.36866760588257896,0.3242211442066047
7895,Positive,Positive,True,0.315768560025468,0.32149173522412655,0.3627397047504055
6249,Positive,Neutral,False,0.31161617838756045,0.3573627741250702,0.33102104748736927
9142,Positive,Neutral,False,0.3376577333157216,0.3535931732940054,0.308749093390273
53,Positive,Positive,True,0.3250106179235436,0.3275069881476705,0.34748239392878594
4351,Positive,Positive,True,0.33080247830961,0.3230524835319227,0.34614503815846737
2541,Positive,Negative,False,0.3362568083367997,0.3286448549287212,0.33509833673447903
2052,Positive,Neutral,False,0.3172370519979346,0.3476847169193541,0.3350782310827112
7732,Neutral,Neutral,True,0.3223193704522743,0.3511822359165947,0.32649839363113103
7538,Negative,Neutral,False,0.3127036584011729,0.3571972002852838,0.3300991413135431
366,Positive,Positive,True,0.3200703424129401,0.3224048446064252,0.3575248129806347
9980,Neutral,Neutral,True,0.31216980308202763,0.3653684374413725,0.3224617594766
8443,Positive,Positive,True,0.3221353629093546,0.33684831606620036,0.34101632102444507
1102,Negative,Negative,True,0.3624488863877996,0.31169104177120677,0.32586007184099375
6343,Neutral,Neutral,True,0.32761000729347506,0.34627274511440637,0.32611724759211846
6357,Negative,Negative,True,0.34547652941118207,0.32491175924857346,0.3296117113402444
2150,Negative,Neutral,False,0.3254930114341774,0.34658113467931495,0.32792585388650763
4414,Negative,Positive,False,0.3371150497473971,0.3233190912090219,0.33956585904358094
2720,Positive,Positive,True,0.33346322858917665,0.3228887162521507,0.3436480551586726
9592,Negative,Neutral,False,0.31503386549605483,0.35303372154941903,0.331932412954526
6075,Neutral,Positive,False,0.3147731748442525,0.3290441594424035,0.35618266571334395
1684,Negative,Positive,False,0.31300585213751525,0.34128302603239097,0.34571112183009367
7907,Neutral,Neutral,True,0.32649461534976326,0.36105312417336494,0.3124522604768718
7494,Negative,Neutral,False,0.3045290040590842,0.3599101150912778,0.33556088084963803
3293,Neutral,Neutral,True,0.30503350635595744,0.3523523714242103,0.34261412221983234
5170,Negative,Positive,False,0.3078773683768045,0.3407134031987312,0.3514092284244642
3990,Positive,Negative,False,0.35478595756968095,0.32287375907590393,0.322340283354415
2024,Neutral,Positive,False,0.32266262321056977,0.3365079113322952,0.3408294654571351
7654,Neutral,Neutral,True,0.3165259184434419,0.35383714442053743,0.3296369371360207
7663,Positive,Neutral,False,0.3104840661473423,0.3468822302576229,0.3426337035950348
3684,Negative,Positive,False,0.32390384316768644,0.32507784253827765,0.3510183142940359
133,Positive,Negative,False,0.38552798548310435,0.31888087397817144,0.29559114053872426
4409,Neutral,Positive,False,0.3271111963822463,0.32689853048271067,0.345990273135043
609,Positive,Positive,True,0.3313361452592828,0.32496781463444635,0.34369604010627086
7578,Neutral,Neutral,True,0.2933068545988034,0.38204594869420055,0.324647196706996
3318,Positive,Positive,True,0.33105923138715054,0.32670843856403414,0.3422323300488152
8239,Negative,Positive,False,0.31467290196048364,0.3406583616198238,0.3446687364196926
6781,Neutral,Positive,False,0.32533018927660756,0.3372527878612748,0.33741702286211755
9331,Neutral,Positive,False,0.3378148024047291,0.3019569694631171,0.36022822813215377
3484,Positive,Negative,False,0.36744940889432487,0.3125320870107849,0.3200185040948902
